10,22
10,207
10,87
10,188
10,9
10,32
10,124
10,2
10,3
11,10
11,8
11,4
11,12
11,17
11,21
11,1
11,15
11,2
11,3
9,7
9,1
9,5
9,2
9,3
8,15
8,13
8,8
8,5
8,14
8,1
8,10
8,2
8,3
0,318
12,2
12,1
36,10
36,9
36,8
36,7
36,6
12,3
36,5
36,4
36,3
36,2
36,1
36,0
35,5
35,4
35,3
35,2
35,1
34,106
34,105
34,104
34,103
34,102
34,101
34,100
34,99
34,98
34,97
34,96
34,95
34,94
34,93
34,92
34,91
34,90
34,89
34,88
34,87
34,86
34,85
34,84
34,83
34,82
34,81
34,80
34,79
34,78
34,77
34,76
34,75
34,74
34,73
34,72
34,71
34,70
34,69
20,2
20,1
34,68
34,11
34,10
20,3
34,8
34,7
34,6
34,5
34,4
34,3
34,2
19,2
34,1
19,1
34,0
32,7
32,5
32,4
32,3
19,3
32,1
31,4
31,3
31,1
30,4
30,3
30,1
29,5
29,4
